# AG, ZH, ZG, UR, SH, LU, BE, JU, TG, BL, BS, FR, GL, SO, SG, NE, SZ


[
 765, 794, 1042, 1113, 77, 99, 100, 103, 267, 269, 270, 271, 290,
 292, 293, 294, 317, 318, 319, 337, 340, 361, 364, 385, 386, 389,
 411, 412, 416, 417, 438, 439, 443, 473, 474, 478, 482, 484, 507,
 508, 509, 510, 515, 544, 547, 552, 554, 577, 583, 584, 630, 641, 
 672, 675,  702, 703, 729, 751, 862, 9, 64, 79, 101, 65, 106, 124, 
 1180, 1181, 1182, 1183, 1184, 465, 535, 536, 568, 572, 603, 668, 31,
 726, 68, 98, 118, 136, 139, 144, 158, 159, 160, 161, 166, 175, 177,
 178, 179, 180, 198, 199, 200, 201, 202, 203, 219, 220, 221, 222, 223, 
 224, 244, 246, 247, 248, 249, 1188, 1233, 1270, 1271, 1272, 1273, 1274,
 1292, 1294, 1295, 1325, 1326, 1339, 1340, 1359, 1370, 1378, 1379, 1380, 
 1382, 1394, 1418, 1420, 1421, 1427, 1428, 381, 406, 409, 461, 530, 
 534, 569, 570, 571, 635, 775, 778, 1177, 1179, 1195, 1215, 1217, 1218,
 1237, 1256, 1275, 1276, 1281, 1299, 1300, 1318, 1320, 1330, 1331, 1341, 
 1342, 1349, 1351, 1360, 1371, 1384, 1386, 1398, 1411, 1412, 1416, 1417,
 1447, 966, 991, 1003, 1005, 1008, 1010, 1037, 1051, 1052, 1053, 1055, 
1070, 1071, 1072, 1073, 1074, 1075, 1091, 1104, 1106, 1123, 1124, 1126, 
1127, 1134, 1135, 1136, 1145, 1151, 1152, 1153, 1170, 29, 108, 128, 
129, 131, 174, 195, 217, 218, 239, 240, 241, 265, 266, 313, 314, 315, 335, 410, 537, 538, 573, 700, 701, 728, 762, 
]



